-8  -16  -9  -7 

        -10  -17  -15  -6  10  17  15  6 

        -9  -18  -27  -36  -45  -54  -63 
        -7  -14  -21  -28  -35  -42  -49 
        9  18  27  36  45  54  63 
        7  14  21  28  35  42  49 

        -1  -2  -3  -4  -5  -6  -7
        -8  -16  -24  -32  -40  -48  -56 
        1  2  3  4  5  6  7 
        8  16  24  32  40  48  56 

	-9  -18  -27  -36  -45  -54  -63 
        -7  -14  -21  -28  -35  -42  -49 
        9  18  27  36  45  54  63 
        7  14  21  28  35  42  49 
        -1  -2  -3  -4  -5  -6  -7
        -8  -16  -24  -32  -40  -48  -56 
        1  2  3  4  5  6  7 
        8  16  24  32  40  48  56 

        -1  -9  -8  -7  1  9  8  7  -2  2 

        8  16  7  9 

	-10  -17  -15  -6  10  17  15  6 

        -9  -18  -27  -36  -45  -54  -63 
        -7  -14  -21  -28  -35  -42  -49 
        9  18  27  36  45  54  63 
        7  14  21  28  35  42  49 

        -1  -2  -3  -4  -5  -6  -7
        -8  -16  -24  -32  -40  -48  -56 
        1  2  3  4  5  6  7 
        8  16  24  32  40  48  56 

	-9  -18  -27  -36  -45  -54  -63 
        -7  -14  -21  -28  -35  -42  -49 
        9  18  27  36  45  54  63 
        7  14  21  28  35  42  49 
        -1  -2  -3  -4  -5  -6  -7
        -8  -16  -24  -32  -40  -48  -56 
        1  2  3  4  5  6  7 
        8  16  24  32  40  48  56 

        -1  -9  -8  -7  1  9  8  7  -2  2
